                     Dist 4
  -----------------------------------------------
  Depth       1827 MB          3653          7307
  -----  ------------  ------------  ------------
    0               1             1             1
    1               1             1             1
    2               3             3             3
    3              23            23            23
    4             241           241           241
    5            2980          2983          2983
    6           37867         37939         37968
    7          480605        482648        483875
    8         6044379       6106969       6146203
    9        73314231      75498733      76885350
   10       756671390     841398667     900319142
   11      3882242180    5797303651    7676423034
   NR      2617278899    7873697111   20323006156
  AdjTot   7336072800   14594528970   28983304980

  Adjusted percentages:
    9          .00999        .00517        .00265
   10          .10314        .05765        .03106
   11          .52919        .39722        .26485
   NR          .35676        .53949        .70119

                     Dist 4
  -----------------------------------------------
  Moves      14614 MB         29228         58455
  -----  ------------  ------------  ------------
    0               1             1             1
    1               1             1             1
    2               3             2             3
    3              23            23            23
    4             241           241           241
    5            2989          2995          2996
    6           38092         38170         38199
    7          486182        487381        487907
    8         6195734       6223534       6235366
    9        78128981      78862110      79203853
   10       943706348     970793853     984943656
   11      9297877177   10509329958   11270355997 
   NR     47350068638  102982170241   85634944382
   NR               -             -  128355046747
  AdjTot  57676504410  114547908510  226905405300
  Actual                             226331259372

  Adjusted percentages:
  10         .01636          .00847        .00435 
  11         .16120          .09174        .04979
  NR         .82095          .89903        .37836
  NR              -               -        .56711 

   ET Bits  Adjusted Total (see totals.html)
   -------  -------------------------------
     11     153090 * 1482170 = 226905405300
     10     153090 * 748239  = 114547908510
      9     153090 * 376749  =  57676504410
      8     153090 * 189322  =  28983304980
      7     153090 * 95333   =  14594528970
      6     153090 * 47920   =   7336072800

  ----------------------------------------------

  Array sizes with 4 configs/byte
 
  Dist4 MB  ET bits    Configs 
  --------  -------  ------------ 
      1827     6       7661848320  70*2187*782*2^6
      3653     7      15323696640
      7307     8      30647393280
     14614     9      61294786560
     29228    10     122589573120
     58455    11     245179146240  70*2187*782*2^11

